{
	"version": [  0,   1], 
	"id": "", 
	"meshes": [
		{
			"attributes": ["POSITION", "NORMAL", "TANGENT", "BINORMAL", "TEXCOORD0"], 
			"vertices": [
				 18.131077,  136.015244,  5.843741, -0.537565, -0.843222, -0.000001, -0.831130,  0.529857, -0.168747,  0.142292, -0.090712, -0.985659,  0.750000,  0.000000, 
				 18.131077,  139.423843,  5.530041, -0.699048, -0.039706, -0.713971,  0.018107,  0.997154, -0.073182,  0.714845, -0.064086, -0.696340,  0.861111,  0.000000, 
				 25.742855,  139.423843,  5.530041, -0.000000, -0.055526, -0.998457,  0.000000,  0.998457, -0.055526,  1.000000, -0.000000, -0.000000,  0.861111,  1.000000, 
				 25.742855,  139.423843,  5.530041, -0.000000, -0.055526, -0.998457,  0.000000,  0.998457, -0.055526,  1.000000, -0.000000, -0.000000,  0.861111,  1.000000, 
				 25.742855,  136.015213,  5.843741, -0.000005, -1.000000,  0.000001, -0.000052, -0.000001, -1.000000,  1.000000, -0.000005, -0.000052,  0.750000,  1.000000, 
				 18.131077,  136.015244,  5.843741, -0.537565, -0.843222, -0.000001, -0.831130,  0.529857, -0.168746,  0.142291, -0.090711, -0.985660,  0.750000,  0.000000, 
				 18.131077,  139.423843,  5.530041, -0.699048, -0.039706, -0.713971, -0.018107,  0.999120, -0.037835,  0.714845, -0.013521, -0.699152,  0.861111,  0.000000, 
				 18.131077,  148.054764,  5.363124, -0.704277, -0.004767, -0.709909,  0.006311,  0.999896, -0.012975,  0.709897, -0.013618, -0.704173,  0.972222,  0.000000, 
				 25.742855,  148.054764,  5.363124,  0.000000, -0.006715, -0.999977,  0.000000,  0.999977, -0.006715,  1.000000,  0.000000,  0.000000,  0.972222,  1.000000, 
				 25.742855,  139.423843,  5.530041, -0.000000, -0.055526, -0.998457, -0.000000,  0.998457, -0.055526,  1.000000, -0.000000, -0.000000,  0.861111,  1.000000, 
				 18.131077,  148.054764,  5.363124, -0.704277, -0.004767, -0.709909, -0.006311,  0.999980, -0.000455,  0.709897,  0.004160, -0.704293,  0.972222,  0.000000, 
				 18.131077,  157.869476,  5.421094, -0.703301,  0.016280, -0.710706,  0.008498,  0.999859,  0.014494,  0.710841,  0.004154, -0.703340,  1.083333,  0.000000, 
				 25.742855,  157.869476,  5.421094,  0.000000,  0.022901, -0.999738,  0.000000,  0.999738,  0.022901,  1.000000, -0.000000,  0.000000,  1.083333,  1.000000, 
				 25.742855,  148.054764,  5.363124,  0.000000, -0.006715, -0.999977,  0.000000,  0.999977, -0.006715,  1.000000,  0.000000,  0.000000,  0.972222,  1.000000, 
				 18.131077,  157.869476,  5.421094, -0.703301,  0.016280, -0.710706, -0.008498,  0.999474,  0.031304,  0.710841,  0.028055, -0.702793,  0.083333,  0.000000, 
				 18.131077,  164.275620,  5.676825, -0.579469,  0.587708, -0.564637,  0.396514,  0.808588,  0.434697,  0.712034,  0.028007, -0.701587,  0.194444,  0.000000, 
				 25.742855,  164.275574,  5.676825,  0.000004,  0.721086, -0.692846, -0.000004,  0.692846,  0.721086,  1.000000, -0.000000,  0.000006,  0.194444,  1.000000, 
				 25.742855,  164.275574,  5.676825,  0.000004,  0.721086, -0.692846, -0.000004,  0.692846,  0.721086,  1.000000, -0.000000,  0.000006,  0.194444,  1.000000, 
				 25.742855,  157.869476,  5.421094,  0.000000,  0.022901, -0.999738,  0.000000,  0.999738,  0.022901,  1.000000, -0.000000,  0.000000,  0.083333,  1.000000, 
				 18.131077,  157.869476,  5.421094, -0.703301,  0.016280, -0.710706, -0.008498,  0.999474,  0.031304,  0.710841,  0.028055, -0.702793,  0.083333,  0.000000, 
				 18.131077,  164.275620,  5.676825, -0.579469,  0.587708, -0.564637, -0.396514,  0.401985,  0.825339,  0.712034,  0.702145,  0.000096,  0.194444,  0.000000, 
				 18.131077,  164.275574,  6.010658, -0.579487,  0.587622,  0.564709,  0.396434, -0.402165,  0.825290,  0.712064,  0.702114,  0.000096,  0.305556,  0.000000, 
				 25.742855,  164.275558,  6.010658,  0.000004,  0.721054,  0.692879, -0.000004, -0.692879,  0.721054,  1.000000, -0.000006, -0.000000,  0.305556,  1.000000, 
				 25.742855,  164.275558,  6.010658,  0.000004,  0.721054,  0.692879, -0.000004, -0.692879,  0.721054,  1.000000, -0.000006, -0.000000,  0.305556,  1.000000, 
				 25.742855,  164.275574,  5.676825,  0.000004,  0.721086, -0.692846,  0.000004,  0.692846,  0.721086,  1.000000, -0.000006, -0.000000,  0.194444,  1.000000, 
				 18.131077,  164.275620,  5.676825, -0.579469,  0.587708, -0.564637, -0.396458,  0.402039,  0.825339,  0.712065,  0.702114,  0.000032,  0.194444,  0.000000, 
				 18.131077,  164.275574,  6.010658, -0.579487,  0.587622,  0.564709, -0.396434, -0.808651,  0.434653,  0.712064,  0.028006,  0.701556,  0.305556,  0.000000, 
				 18.131077,  157.869461,  6.266388, -0.703301,  0.016280,  0.710706,  0.008498, -0.999474,  0.031304,  0.710841,  0.028055,  0.702793,  0.416667,  0.000000, 
				 25.742855,  157.869461,  6.266388,  0.000000,  0.022900,  0.999738, -0.000000, -0.999738,  0.022900,  1.000000, -0.000000, -0.000000,  0.416667,  1.000000, 
				 25.742855,  157.869461,  6.266388,  0.000000,  0.022900,  0.999738, -0.000000, -0.999738,  0.022900,  1.000000, -0.000000, -0.000000,  0.416667,  1.000000, 
				 25.742855,  164.275558,  6.010658,  0.000004,  0.721054,  0.692879,  0.000004, -0.692879,  0.721054,  1.000000, -0.000000, -0.000006,  0.305556,  1.000000, 
				 18.131077,  164.275574,  6.010658, -0.579487,  0.587622,  0.564709, -0.396434, -0.808651,  0.434653,  0.712064,  0.028006,  0.701556,  0.305556,  0.000000, 
				 18.131077,  157.869461,  6.266388, -0.703301,  0.016280,  0.710706, -0.008498, -0.999859,  0.014494,  0.710841,  0.004154,  0.703340,  0.416667,  0.000000, 
				 18.131077,  148.054764,  6.324357, -0.704278, -0.004767,  0.709908,  0.006311, -0.999980, -0.000455,  0.709896,  0.004160,  0.704294,  0.527778,  0.000000, 
				 25.742855,  148.054733,  6.324357, -0.000000, -0.006715,  0.999977,  0.000000, -0.999977, -0.006715,  1.000000,  0.000000,  0.000000,  0.527778,  1.000000, 
				 25.742855,  148.054733,  6.324357, -0.000000, -0.006715,  0.999977,  0.000000, -0.999977, -0.006715,  1.000000,  0.000000,  0.000000,  0.527778,  1.000000, 
				 25.742855,  157.869461,  6.266388,  0.000000,  0.022900,  0.999738,  0.000000, -0.999738,  0.022900,  1.000000, -0.000000, -0.000000,  0.416667,  1.000000, 
				 18.131077,  157.869461,  6.266388, -0.703301,  0.016280,  0.710706, -0.008498, -0.999859,  0.014494,  0.710841,  0.004154,  0.703340,  0.416667,  0.000000, 
				 18.131077,  148.054764,  6.324357, -0.704278, -0.004767,  0.709908, -0.006311, -0.999896, -0.012975,  0.709896, -0.013618,  0.704175,  0.527778,  0.000000, 
				 18.131077,  139.423843,  6.157442, -0.699047, -0.039706,  0.713973,  0.018107, -0.999120, -0.037835,  0.714847, -0.013521,  0.699150,  0.638889,  0.000000, 
				 25.742855,  139.423798,  6.157442, -0.000000, -0.055527,  0.998457,  0.000000, -0.998457, -0.055527,  1.000000, -0.000000,  0.000000,  0.638889,  1.000000, 
				 25.742855,  139.423798,  6.157442, -0.000000, -0.055527,  0.998457,  0.000000, -0.998457, -0.055527,  1.000000, -0.000000,  0.000000,  0.638889,  1.000000, 
				 25.742855,  148.054733,  6.324357, -0.000000, -0.006715,  0.999977, -0.000000, -0.999977, -0.006715,  1.000000, -0.000000,  0.000000,  0.527778,  1.000000, 
				 18.131077,  148.054764,  6.324357, -0.704278, -0.004767,  0.709908, -0.006311, -0.999896, -0.012975,  0.709896, -0.013618,  0.704175,  0.527778,  0.000000, 
				 18.131077,  139.423843,  6.157442, -0.699047, -0.039706,  0.713973, -0.018107, -0.997154, -0.073182,  0.714847, -0.064085,  0.696338,  0.638889,  0.000000, 
				 18.131077,  136.015244,  5.843741, -0.537565, -0.843222, -0.000001,  0.831130, -0.529857, -0.168745,  0.142289, -0.090712,  0.985660,  0.750000,  0.000000, 
				 25.742855,  136.015213,  5.843741, -0.000005, -1.000000,  0.000001,  0.000052, -0.000001, -1.000000,  1.000000, -0.000005,  0.000052,  0.750000,  1.000000, 
				 25.742855,  136.015213,  5.843741, -0.000005, -1.000000,  0.000001,  0.000052, -0.000001, -1.000000,  1.000000, -0.000005,  0.000052,  0.750000,  1.000000, 
				 25.742855,  139.423798,  6.157442, -0.000000, -0.055527,  0.998457, -0.000000, -0.998457, -0.055527,  1.000000, -0.000000,  0.000000,  0.638889,  1.000000, 
				 18.131077,  139.423843,  6.157442, -0.699047, -0.039706,  0.713973, -0.018107, -0.997154, -0.073182,  0.714847, -0.064086,  0.696338,  0.638889,  0.000000, 
				 18.131077,  148.054764,  6.324357, -0.704278, -0.004767,  0.709908,  0.709893,  0.004658,  0.704294, -0.006664,  0.999978,  0.000104,  0.992404,  0.586824, 
				 18.131077,  157.869461,  6.266388, -0.703301,  0.016280,  0.710706,  0.710512, -0.016594,  0.703490,  0.023246,  0.999730,  0.000104,  0.933013,  0.250000, 
				 18.131077,  164.275574,  6.010658, -0.579487,  0.587622,  0.564709,  0.396454, -0.402145,  0.825290,  0.712053,  0.702126,  0.000073,  0.671010,  0.030154, 
				 18.131077,  164.275574,  6.010658, -0.579487,  0.587622,  0.564709,  0.396438, -0.402160,  0.825290,  0.712062,  0.702117,  0.000091,  0.671010,  0.030154, 
				 18.131077,  164.275620,  5.676825, -0.579469,  0.587708, -0.564637, -0.396509,  0.401989,  0.825339,  0.712037,  0.702142,  0.000091,  0.328990,  0.030154, 
				 18.131077,  157.869476,  5.421094, -0.703301,  0.016280, -0.710706, -0.710519,  0.016263,  0.703490,  0.023011,  0.999735,  0.000129,  0.066987,  0.250000, 
				 18.131077,  157.869476,  5.421094, -0.703301,  0.016280, -0.710706, -0.710516,  0.016395,  0.703490,  0.023105,  0.999733,  0.000036,  0.066987,  0.250000, 
				 18.131077,  148.054764,  5.363124, -0.704277, -0.004767, -0.709909, -0.709893, -0.004857,  0.704293, -0.006806,  0.999977,  0.000036,  0.007596,  0.586824, 
				 18.131077,  139.423843,  5.530041, -0.699048, -0.039706, -0.713971, -0.712820, -0.040540,  0.700175, -0.056745,  0.998389,  0.000036,  0.178606,  0.883022, 
				 18.131077,  164.275574,  6.010658, -0.579487,  0.587622,  0.564709,  0.396516, -0.402083,  0.825290,  0.712018,  0.702161,  0.000001,  0.671010,  0.030154, 
				 18.131077,  157.869476,  5.421094, -0.703301,  0.016280, -0.710706, -0.710515,  0.016445,  0.703490,  0.023140,  0.999732,  0.000001,  0.066987,  0.250000, 
				 18.131077,  139.423843,  5.530041, -0.699048, -0.039706, -0.713971, -0.712822, -0.040490,  0.700175, -0.056709,  0.998391,  0.000001,  0.178606,  0.883022, 
				 18.131077,  148.054764,  6.324357, -0.704278, -0.004767,  0.709908,  0.709892,  0.004819,  0.704294, -0.006779,  0.999977, -0.000010,  0.992404,  0.586824, 
				 18.131077,  164.275574,  6.010658, -0.579487,  0.587622,  0.564709,  0.396523, -0.402077,  0.825290,  0.712015,  0.702165, -0.000007,  0.671010,  0.030154, 
				 18.131077,  139.423843,  5.530041, -0.699048, -0.039706, -0.713971, -0.712823, -0.040474,  0.700175, -0.056698,  0.998391, -0.000010,  0.178606,  0.883022, 
				 18.131077,  148.054764,  6.324357, -0.704278, -0.004767,  0.709908,  0.709892,  0.004847,  0.704294, -0.006799,  0.999977, -0.000029,  0.992404,  0.586824, 
				 18.131077,  139.423843,  5.530041, -0.699048, -0.039706, -0.713971, -0.712825, -0.040446,  0.700175, -0.056678,  0.998393, -0.000029,  0.178606,  0.883022, 
				 18.131077,  136.015244,  5.843741, -0.537565, -0.843222, -0.000001, -0.000014,  0.000008,  1.000000, -0.843222,  0.537565, -0.000016,  0.500000,  1.000000, 
				 18.131077,  139.423843,  6.157442, -0.699047, -0.039706,  0.713973,  0.712830,  0.040382,  0.700173, -0.056632,  0.998395,  0.000075,  0.821394,  0.883022, 
				 18.131077,  148.054764,  6.324357, -0.704278, -0.004767,  0.709908,  0.709893,  0.004699,  0.704294, -0.006694,  0.999978,  0.000075,  0.992404,  0.586824, 
				 18.131077,  136.015244,  5.843741, -0.537565, -0.843222, -0.000001,  0.000033, -0.000022,  1.000000, -0.843222,  0.537565,  0.000040,  0.500000,  1.000000, 
				 30.705477,  159.994568,  6.049682,  0.700407, -0.038876, -0.712684, -0.711568,  0.039865, -0.701485,  0.055682,  0.998448,  0.000259,  0.178606,  0.883022, 
				 30.705477,  154.328430,  6.159261,  0.705007, -0.004703, -0.709185, -0.709167,  0.005098, -0.705022,  0.006931,  0.999976,  0.000259,  0.007596,  0.586824, 
				 30.705477,  147.885178,  6.121205,  0.704163,  0.016029, -0.709857, -0.709681, -0.015787, -0.704346, -0.022497,  0.999747,  0.000259,  0.066987,  0.250000, 
				 30.705477,  147.885178,  6.121205,  0.704163,  0.016029, -0.709857, -0.709673, -0.016166, -0.704346, -0.022765,  0.999741, -0.000008,  0.066987,  0.250000, 
				 30.705477,  143.679611,  5.953319,  0.594525,  0.569942, -0.567192, -0.409436, -0.392516, -0.823586, -0.692027,  0.721871, -0.000006,  0.328990,  0.030154, 
				 30.705477,  143.679611,  5.734162,  0.594525,  0.569941,  0.567192,  0.409446,  0.392506, -0.823585, -0.692022,  0.721877, -0.000006,  0.671010,  0.030154, 
				 30.705477,  143.679611,  5.734162,  0.594525,  0.569941,  0.567192,  0.409310,  0.392648, -0.823585, -0.692102,  0.721799,  0.000157,  0.671010,  0.030154, 
				 30.705477,  147.885178,  5.566278,  0.704164,  0.016029,  0.709856,  0.709665,  0.016463, -0.704346, -0.022976,  0.999736,  0.000217,  0.933013,  0.250000, 
				 30.705477,  154.328430,  5.528222,  0.705008, -0.004703,  0.709184,  0.709170, -0.004422, -0.705023,  0.006452,  0.999979,  0.000217,  0.992404,  0.586824, 
				 30.705477,  147.885178,  6.121205,  0.704163,  0.016029, -0.709857, -0.709672, -0.016218, -0.704346, -0.022803,  0.999740, -0.000045,  0.066987,  0.250000, 
				 30.705477,  143.679611,  5.734162,  0.594525,  0.569941,  0.567192,  0.409469,  0.392482, -0.823585, -0.692008,  0.721890, -0.000032,  0.671010,  0.030154, 
				 30.705477,  154.328430,  5.528222,  0.705008, -0.004703,  0.709184,  0.709168, -0.004794, -0.705023,  0.006716,  0.999977, -0.000045,  0.992404,  0.586824, 
				 30.705477,  159.994568,  6.049682,  0.700407, -0.038876, -0.712684, -0.711592,  0.039443, -0.701485,  0.055382,  0.998465, -0.000038,  0.178606,  0.883022, 
				 30.705477,  147.885178,  6.121205,  0.704163,  0.016029, -0.709857, -0.709672, -0.016208, -0.704346, -0.022795,  0.999740, -0.000038,  0.066987,  0.250000, 
				 30.705477,  154.328430,  5.528222,  0.705008, -0.004703,  0.709184,  0.709168, -0.004784, -0.705023,  0.006708,  0.999977, -0.000038,  0.992404,  0.586824, 
				 30.705477,  159.994568,  6.049682,  0.700407, -0.038876, -0.712684, -0.711591,  0.039444, -0.701485,  0.055382,  0.998465, -0.000037,  0.178606,  0.883022, 
				 30.705477,  154.328430,  5.528222,  0.705008, -0.004703,  0.709184,  0.709168, -0.004783, -0.705023,  0.006708,  0.999977, -0.000037,  0.992404,  0.586824, 
				 30.705477,  159.994553,  5.637799,  0.700407, -0.038876,  0.712684,  0.711586, -0.039549, -0.701485,  0.055457,  0.998461, -0.000037,  0.821394,  0.883022, 
				 30.705477,  162.232285,  5.843740,  0.559108, -0.829095,  0.000001, -0.000017, -0.000012, -1.000000,  0.829095,  0.559108, -0.000021,  0.500000,  1.000000, 
				 25.742855,  136.015213,  5.843741,  1.000000,  0.000000,  0.000000,  0.000000,  0.995792, -0.091644, -0.000000,  0.091644,  0.995792,  0.750000,  1.000000, 
				 25.742855,  139.423843,  5.530041,  1.000000,  0.000000,  0.000000,  0.000000,  0.995792, -0.091644, -0.000000,  0.091644,  0.995792,  0.861111,  1.000000, 
				 25.742855,  159.761002,  6.101660, -1.000000,  0.000000,  0.000000,  0.000000,  0.995792, -0.091644, -0.000000, -0.091644, -0.995792,  0.178606,  0.883022, 
				 25.742855,  159.761002,  6.101660, -1.000000,  0.000000,  0.000000,  0.000000, -1.000000, -0.000000,  0.000000,  0.000000,  1.000000,  0.178606,  0.883022, 
				 25.742855,  162.563553,  5.843741, -1.000000,  0.000000,  0.000000,  0.000000, -1.000000, -0.000000,  0.000000,  0.000000,  1.000000,  0.500000,  1.000000, 
				 25.742855,  136.015213,  5.843741,  1.000000,  0.000000,  0.000000,  0.000000, -1.000000,  0.000000,  0.000000,  0.000000, -1.000000,  0.750000,  1.000000, 
				 25.742855,  139.423843,  5.530041,  1.000000,  0.000000,  0.000000,  0.000000,  0.999813, -0.019336, -0.000000,  0.019336,  0.999813,  0.861111,  1.000000, 
				 25.742855,  148.054764,  5.363124,  1.000000,  0.000000,  0.000000,  0.000000,  0.999813, -0.019336, -0.000000,  0.019336,  0.999813,  0.972222,  1.000000, 
				 25.742855,  152.664795,  6.238895, -1.000000,  0.000000,  0.000000,  0.000000,  0.999813, -0.019336, -0.000000, -0.019336, -0.999813,  0.007596,  0.586824, 
				 25.742855,  152.664795,  6.238895, -1.000000,  0.000000,  0.000000,  0.000000, -0.999750, -0.022355,  0.000000, -0.022355,  0.999750,  0.007596,  0.586824, 
				 25.742855,  159.761002,  6.101660, -1.000000,  0.000000,  0.000000,  0.000000, -0.999750, -0.022355,  0.000000, -0.022355,  0.999750,  0.178606,  0.883022, 
				 25.742855,  139.423843,  5.530041,  1.000000,  0.000000,  0.000000,  0.000000, -0.999750, -0.022355,  0.000000,  0.022355, -0.999750,  0.861111,  1.000000, 
				 25.742855,  148.054764,  5.363124,  1.000000,  0.000000,  0.000000,  0.000000,  0.999983,  0.005906,  0.000000, -0.005906,  0.999983,  0.972222,  1.000000, 
				 25.742855,  157.869476,  5.421094,  1.000000,  0.000000,  0.000000,  0.000000,  0.999983,  0.005906,  0.000000, -0.005906,  0.999983,  1.083333,  1.000000, 
				 25.742855,  144.595306,  6.191234, -1.000000,  0.000000,  0.000000,  0.000000,  0.999983,  0.005906,  0.000000,  0.005906, -0.999983,  0.066987,  0.250000, 
				 25.742855,  144.595306,  6.191234, -1.000000,  0.000000,  0.000000,  0.000000, -0.997933, -0.064258,  0.000000, -0.064258,  0.997933,  0.066987,  0.250000, 
				 25.742855,  152.664795,  6.238895, -1.000000,  0.000000,  0.000000,  0.000000, -0.997933, -0.064258,  0.000000, -0.064258,  0.997933,  0.007596,  0.586824, 
				 25.742855,  148.054764,  5.363124,  1.000000,  0.000000,  0.000000,  0.000000, -0.997933, -0.064258,  0.000000,  0.064258, -0.997933,  0.972222,  1.000000, 
				 25.742855,  157.869476,  5.421094,  1.000000,  0.000000,  0.000000,  0.000000,  0.999204,  0.039888,  0.000000, -0.039888,  0.999204,  0.083333,  1.000000, 
				 25.742855,  164.275574,  5.676825,  1.000000,  0.000000,  0.000000,  0.000000,  0.999204,  0.039888,  0.000000, -0.039888,  0.999204,  0.194444,  1.000000, 
				 25.742855,  139.328308,  5.980976, -1.000000,  0.000000,  0.000000,  0.000000,  0.999204,  0.039888,  0.000000,  0.039888, -0.999204,  0.328990,  0.030154, 
				 25.742855,  139.328308,  5.980976, -1.000000,  0.000000,  0.000000,  0.000000, -0.953285, -0.302072,  0.000000, -0.302072,  0.953285,  0.328990,  0.030154, 
				 25.742855,  144.595306,  6.191234, -1.000000,  0.000000,  0.000000,  0.000000, -0.953285, -0.302072,  0.000000, -0.302072,  0.953285,  0.066987,  0.250000, 
				 25.742855,  157.869476,  5.421094,  1.000000,  0.000000,  0.000000,  0.000000, -0.953285, -0.302072,  0.000000,  0.302072, -0.953285,  0.083333,  1.000000, 
				 25.742855,  164.275574,  5.676825,  1.000000,  0.000000,  0.000000,  0.000000, -0.000046,  1.000000,  0.000000, -1.000000, -0.000046,  0.194444,  1.000000, 
				 25.742855,  164.275558,  6.010658,  1.000000,  0.000000,  0.000000,  0.000000, -0.000046,  1.000000,  0.000000, -1.000000, -0.000046,  0.305556,  1.000000, 
				 25.742855,  139.328323,  5.706505, -1.000000,  0.000000,  0.000000,  0.000000, -0.000046,  1.000000,  0.000000,  1.000000,  0.000046,  0.671010,  0.030154, 
				 25.742855,  139.328323,  5.706505, -1.000000,  0.000000,  0.000000,  0.000000,  0.000047, -1.000000, -0.000000, -1.000000, -0.000047,  0.671010,  0.030154, 
				 25.742855,  139.328308,  5.980976, -1.000000,  0.000000,  0.000000,  0.000000,  0.000047, -1.000000, -0.000000, -1.000000, -0.000047,  0.328990,  0.030154, 
				 25.742855,  164.275574,  5.676825,  1.000000,  0.000000,  0.000000, -0.000000,  0.000047, -1.000000, -0.000000,  1.000000,  0.000047,  0.194444,  1.000000, 
				 25.742855,  164.275558,  6.010658,  1.000000,  0.000000,  0.000000,  0.000000, -0.999204,  0.039888,  0.000000, -0.039888, -0.999204,  0.305556,  1.000000, 
				 25.742855,  157.869461,  6.266388,  1.000000,  0.000000,  0.000000,  0.000000, -0.999204,  0.039888,  0.000000, -0.039888, -0.999204,  0.416667,  1.000000, 
				 25.742855,  144.595352,  5.496249, -1.000000,  0.000000,  0.000000,  0.000000, -0.999204,  0.039888,  0.000000,  0.039888,  0.999204,  0.933013,  0.250000, 
				 25.742855,  144.595352,  5.496249, -1.000000,  0.000000,  0.000000,  0.000000, -0.811727, -0.584036,  0.000000, -0.584036,  0.811727,  0.933013,  0.250000, 
				 25.742855,  139.328323,  5.706505, -1.000000,  0.000000,  0.000000,  0.000000, -0.811727, -0.584036,  0.000000, -0.584036,  0.811727,  0.671010,  0.030154, 
				 25.742855,  164.275558,  6.010658,  1.000000,  0.000000,  0.000000,  0.000000, -0.811727, -0.584036,  0.000000,  0.584036, -0.811727,  0.305556,  1.000000, 
				 25.742855,  157.869461,  6.266388,  1.000000,  0.000000,  0.000000,  0.000000, -0.999983,  0.005906,  0.000000, -0.005906, -0.999983,  0.416667,  1.000000, 
				 25.742855,  148.054733,  6.324357,  1.000000,  0.000000,  0.000000,  0.000000, -0.999983,  0.005906,  0.000000, -0.005906, -0.999983,  0.527778,  1.000000, 
				 25.742855,  152.664856,  5.448586, -1.000000,  0.000000,  0.000000,  0.000000, -0.999983,  0.005906,  0.000000,  0.005906,  0.999983,  0.992404,  0.586824, 
				 25.742855,  152.664856,  5.448586, -1.000000,  0.000000,  0.000000,  0.000000,  0.983019, -0.183504, -0.000000, -0.183504, -0.983019,  0.992404,  0.586824, 
				 25.742855,  144.595352,  5.496249, -1.000000,  0.000000,  0.000000,  0.000000,  0.983019, -0.183504, -0.000000, -0.183504, -0.983019,  0.933013,  0.250000, 
				 25.742855,  157.869461,  6.266388,  1.000000,  0.000000,  0.000000, -0.000000,  0.983019, -0.183504, -0.000000,  0.183504,  0.983019,  0.416667,  1.000000, 
				 25.742855,  148.054733,  6.324357,  1.000000,  0.000000,  0.000000,  0.000000, -0.999813, -0.019336,  0.000000,  0.019336, -0.999813,  0.527778,  1.000000, 
				 25.742855,  139.423798,  6.157442,  1.000000,  0.000000,  0.000000,  0.000000, -0.999813, -0.019336,  0.000000,  0.019336, -0.999813,  0.638889,  1.000000, 
				 25.742855,  159.761047,  5.585823, -1.000000,  0.000000,  0.000000,  0.000000, -0.999813, -0.019336,  0.000000, -0.019336,  0.999813,  0.821394,  0.883022, 
				 25.742855,  159.761047,  5.585823, -1.000000,  0.000000,  0.000000,  0.000000,  0.998890, -0.047114, -0.000000, -0.047114, -0.998890,  0.821394,  0.883022, 
				 25.742855,  152.664856,  5.448586, -1.000000,  0.000000,  0.000000,  0.000000,  0.998890, -0.047114, -0.000000, -0.047114, -0.998890,  0.992404,  0.586824, 
				 25.742855,  148.054733,  6.324357,  1.000000,  0.000000,  0.000000, -0.000000,  0.998890, -0.047114, -0.000000,  0.047114,  0.998890,  0.527778,  1.000000, 
				 25.742855,  139.423798,  6.157442,  1.000000,  0.000000,  0.000000,  0.000000,  0.000000,  1.000000,  0.000000, -1.000000,  0.000000,  0.638889,  1.000000, 
				 25.742855,  136.015213,  5.843741,  1.000000,  0.000000,  0.000000,  0.000000,  0.000000,  1.000000,  0.000000, -1.000000,  0.000000,  0.750000,  1.000000, 
				 25.742855,  162.563553,  5.843741, -1.000000,  0.000000,  0.000000,  0.000000,  0.000000, -0.000000, -0.000000,  0.000000, -0.000000,  0.500000,  1.000000, 
				 25.742855,  162.563553,  5.843741, -1.000000,  0.000000,  0.000000,  0.000000, -0.999908,  0.013556,  0.000000,  0.013556,  0.999908,  0.500000,  1.000000, 
				 25.742855,  159.761047,  5.585823, -1.000000,  0.000000,  0.000000,  0.000000, -0.999908,  0.013556,  0.000000,  0.013556,  0.999908,  0.821394,  0.883022, 
				 25.742855,  139.423798,  6.157442,  1.000000,  0.000000,  0.000000,  0.000000, -0.999908,  0.013556,  0.000000, -0.013556, -0.999908,  0.638889,  1.000000, 
				 25.742855,  162.563553,  5.843741, -0.147707,  0.989031,  0.000001,  0.000000,  0.000001, -0.989031, -0.978183, -0.146087, -0.000000,  0.500000,  1.000000, 
				 25.742855,  159.761002,  6.101660, -0.007702,  0.052073,  0.998614,  0.000000,  0.998614, -0.052073, -0.999941, -0.000401, -0.007692,  0.178606,  0.883022, 
				 38.976746,  161.762329,  6.099371, -0.008745,  0.058972,  0.998221,  0.000000,  0.998221, -0.058972, -0.999923, -0.000516, -0.008730,  0.178606,  0.883022, 
				 38.976746,  164.539948,  5.843741, -0.147706,  0.989031, -0.000001,  0.000000, -0.000001, -0.989031, -0.978183, -0.146086,  0.000000,  0.500000,  1.000000, 
				 25.742855,  152.664795,  6.238895, -0.000589,  0.005472,  0.999985,  0.000000,  0.999985, -0.005472, -1.000000, -0.000003, -0.000589,  0.007596,  0.586824, 
				 38.976746,  154.729126,  6.235388, -0.000976,  0.007959,  0.999968,  0.000000,  0.999968, -0.007959, -0.999999, -0.000008, -0.000976,  0.007596,  0.586824, 
				 25.742855,  144.595306,  6.191234,  0.004208, -0.024630,  0.999688, -0.999688,  0.000000,  0.004208, -0.000104, -0.999393, -0.024623,  0.066987,  0.250000, 
				 38.976746,  146.731216,  6.188150,  0.003650, -0.021170,  0.999769, -0.999769,  0.000000,  0.003650, -0.000077, -0.999552, -0.021165,  0.066987,  0.250000, 
				 25.742855,  139.328308,  5.980976,  0.123194, -0.746597,  0.653771, -0.653771,  0.000000,  0.123194, -0.091977, -0.442594, -0.488103,  0.328990,  0.030154, 
				 38.976746,  141.510956,  5.979760,  0.111964, -0.678460,  0.726055, -0.726055,  0.000000,  0.111964, -0.075963, -0.539692, -0.492599,  0.328990,  0.030154, 
				 25.742855,  139.328323,  5.706505,  0.123189, -0.746561, -0.653813,  0.653813, -0.000000,  0.123189, -0.091968, -0.442647,  0.488111,  0.671010,  0.030154, 
				 38.976746,  141.510956,  5.707724,  0.111964, -0.678460, -0.726055,  0.726055, -0.000000,  0.111964, -0.075963, -0.539693,  0.492599,  0.671010,  0.030154, 
				 25.742855,  144.595352,  5.496249,  0.004208, -0.024630, -0.999688,  0.999688, -0.000000,  0.004208, -0.000104, -0.999393,  0.024622,  0.933013,  0.250000, 
				 38.976746,  146.731216,  5.499333,  0.003650, -0.021170, -0.999769,  0.999769, -0.000000,  0.003650, -0.000077, -0.999552,  0.021165,  0.933013,  0.250000, 
				 25.742855,  152.664856,  5.448586, -0.000588,  0.005472, -0.999985,  0.000000, -0.999985, -0.005472, -1.000000, -0.000003,  0.000588,  0.992404,  0.586824, 
				 38.976746,  154.729126,  5.452095, -0.000976,  0.007958, -0.999968,  0.000000, -0.999968, -0.007958, -0.999999, -0.000008,  0.000976,  0.992404,  0.586824, 
				 25.742855,  159.761047,  5.585823, -0.007702,  0.052074, -0.998613,  0.000000, -0.998613, -0.052074, -0.999941, -0.000401,  0.007691,  0.821394,  0.883022, 
				 38.976746,  161.762329,  5.588112, -0.008745,  0.058972, -0.998221,  0.000000, -0.998221, -0.058972, -0.999924, -0.000516,  0.008730,  0.821394,  0.883022, 
				 38.976746,  164.539948,  5.843741,  1.000000,  0.000000,  0.000000,  0.000000,  0.000000,  1.000000,  0.000000, -1.000000,  0.000000,  0.500000,  1.000000, 
				 38.976746,  161.762329,  6.099371,  1.000000,  0.000000,  0.000000,  0.000000,  0.000000,  1.000000,  0.000000, -1.000000,  0.000000,  0.178606,  0.883022, 
				 38.976746,  160.376434,  6.060416,  1.000000,  0.000000,  0.000000,  0.000000,  0.000000,  1.000000,  0.000000, -1.000000,  0.000000,  0.178606,  0.883022, 
				 38.976746,  162.730789,  5.843741,  1.000000,  0.000000,  0.000000,  0.000000,  0.000000,  1.000000,  0.000000, -1.000000,  0.000000,  0.500000,  1.000000, 
				 38.976746,  154.729126,  6.235388,  1.000000,  0.000000,  0.000000,  0.000000,  0.000000,  1.000000,  0.000000, -1.000000,  0.000000,  0.007596,  0.586824, 
				 38.976746,  154.414978,  6.175706,  1.000000,  0.000000,  0.000000,  0.000000,  0.000000,  1.000000,  0.000000, -1.000000,  0.000000,  0.007596,  0.586824, 
				 38.976746,  146.731216,  6.188150,  1.000000,  0.000000,  0.000000,  0.000000,  0.000000,  1.000000,  0.000000, -1.000000,  0.000000,  0.066987,  0.250000, 
				 38.976746,  147.635880,  6.135666,  1.000000,  0.000000,  0.000000,  0.000000,  0.000000,  1.000000,  0.000000, -1.000000,  0.000000,  0.066987,  0.250000, 
				 38.976746,  141.510956,  5.979760,  1.000000,  0.000000,  0.000000,  0.000000,  0.000000,  1.000000,  0.000000, -1.000000,  0.000000,  0.328990,  0.030154, 
				 38.976746,  143.211151,  5.959031,  1.000000,  0.000000,  0.000000,  0.000000,  0.000000,  1.000000,  0.000000, -1.000000,  0.000000,  0.328990,  0.030154, 
				 38.976746,  141.510956,  5.707724,  1.000000,  0.000000,  0.000000,  0.000000,  0.000000,  1.000000,  0.000000, -1.000000,  0.000000,  0.671010,  0.030154, 
				 38.976746,  143.211151,  5.728451,  1.000000,  0.000000,  0.000000,  0.000000,  0.000000,  1.000000,  0.000000, -1.000000,  0.000000,  0.671010,  0.030154, 
				 38.976746,  146.731216,  5.499333,  1.000000,  0.000000,  0.000000,  0.000000,  0.000000,  1.000000,  0.000000, -1.000000,  0.000000,  0.933013,  0.250000, 
				 38.976746,  147.635880,  5.551816,  1.000000,  0.000000,  0.000000,  0.000000,  0.000000,  1.000000,  0.000000, -1.000000,  0.000000,  0.933013,  0.250000, 
				 38.976746,  154.729126,  5.452095,  1.000000,  0.000000,  0.000000,  0.000000,  0.000000,  1.000000,  0.000000, -1.000000,  0.000000,  0.992404,  0.586824, 
				 38.976746,  154.414978,  5.511775,  1.000000,  0.000000,  0.000000,  0.000000,  0.000000,  1.000000,  0.000000, -1.000000,  0.000000,  0.992404,  0.586824, 
				 38.976746,  161.762329,  5.588112,  1.000000,  0.000000,  0.000000,  0.000000,  0.000000,  1.000000,  0.000000, -1.000000,  0.000000,  0.821394,  0.883022, 
				 38.976746,  160.376434,  5.627066,  1.000000,  0.000000,  0.000000,  0.000000,  0.000000,  1.000000,  0.000000, -1.000000,  0.000000,  0.821394,  0.883022, 
				 38.976746,  162.730789,  5.843741,  0.060160, -0.998189, -0.000000,  0.000000, -0.000000,  0.060160, -0.060051, -0.003619,  0.000000,  0.500000,  1.000000, 
				 38.976746,  160.376434,  6.060416,  0.003908, -0.056584, -0.998390,  0.998390, -0.000000,  0.003908, -0.000221, -0.996798,  0.056493,  0.178606,  0.883022, 
				 30.705477,  159.994568,  6.049682,  0.700407, -0.038876, -0.712684,  0.712684, -0.000000,  0.700407, -0.027229, -0.998489,  0.027706,  0.178606,  0.883022, 
				 30.705477,  162.232285,  5.843740,  0.559108, -0.829095,  0.000001, -0.000001,  0.000000,  0.559108, -0.463554, -0.312602, -0.000001,  0.500000,  1.000000, 
				 38.976746,  154.414978,  6.175706,  0.002059, -0.006799, -0.999975,  0.999975, -0.000000,  0.002059, -0.000014, -0.999954,  0.006799,  0.007596,  0.586824, 
				 30.705477,  154.328430,  6.159261,  0.705007, -0.004703, -0.709185,  0.709185, -0.000000,  0.705007, -0.003316, -0.999978,  0.003335,  0.007596,  0.586824, 
				 38.976746,  147.635880,  6.135666,  0.002448,  0.023226, -0.999727,  0.000000, -0.999727, -0.023226, -0.999994,  0.000057, -0.002447,  0.066987,  0.250000, 
				 30.705477,  147.885178,  6.121205,  0.704163,  0.016029, -0.709857,  0.709857, -0.000000,  0.704163,  0.011287, -0.999743, -0.011378,  0.066987,  0.250000, 
				 38.976746,  143.211151,  5.959031,  0.041919,  0.731842, -0.680184,  0.000000, -0.680184, -0.731842, -0.998243,  0.030678, -0.028513,  0.328990,  0.030154, 
				 30.705477,  143.679611,  5.953319,  0.594525,  0.569942, -0.567192,  0.567192, -0.000000,  0.594525,  0.338845, -0.675167, -0.323266,  0.328990,  0.030154, 
				 38.976746,  143.211151,  5.728451,  0.041919,  0.731842,  0.680183,  0.000000,  0.680183, -0.731842, -0.998243,  0.030678,  0.028513,  0.671010,  0.030154, 
				 30.705477,  143.679611,  5.734162,  0.594525,  0.569941,  0.567192, -0.567192,  0.000000,  0.594525,  0.338844, -0.675167,  0.323266,  0.671010,  0.030154, 
				 38.976746,  147.635880,  5.551816,  0.002448,  0.023226,  0.999727,  0.000000,  0.999727, -0.023226, -0.999994,  0.000057,  0.002447,  0.933013,  0.250000, 
				 30.705477,  147.885178,  5.566278,  0.704164,  0.016029,  0.709856, -0.709856,  0.000000,  0.704164,  0.011287, -0.999743,  0.011378,  0.933013,  0.250000, 
				 38.976746,  154.414978,  5.511775,  0.002059, -0.006799,  0.999975, -0.999975,  0.000000,  0.002059, -0.000014, -0.999954, -0.006799,  0.992404,  0.586824, 
				 30.705477,  154.328430,  5.528222,  0.705008, -0.004703,  0.709184, -0.709184,  0.000000,  0.705008, -0.003316, -0.999978, -0.003335,  0.992404,  0.586824, 
				 38.976746,  160.376434,  5.627066,  0.003908, -0.056584,  0.998390, -0.998390,  0.000000,  0.003908, -0.000221, -0.996798, -0.056493,  0.821394,  0.883022, 
				 30.705477,  159.994553,  5.637799,  0.700407, -0.038876,  0.712684, -0.712684,  0.000000,  0.700407, -0.027229, -0.998489, -0.027706,  0.821394,  0.883022, 
				 18.131077,  136.015213,  3.797955, -0.537566, -0.843222, -0.000000, -0.831130,  0.529857, -0.168746,  0.142291, -0.090712, -0.985660,  0.750000,  0.000000, 
				 18.131077,  139.423828,  3.484254, -0.699047, -0.039706, -0.713973,  0.018106,  0.997154, -0.073182,  0.714846, -0.064085, -0.696339,  0.861111,  0.000000, 
				 25.742855,  139.423828,  3.484254, -0.000000, -0.055526, -0.998457,  0.000000,  0.998457, -0.055526,  1.000000, -0.000000, -0.000000,  0.861111,  1.000000, 
				 25.742855,  139.423828,  3.484254, -0.000000, -0.055526, -0.998457,  0.000000,  0.998457, -0.055526,  1.000000, -0.000000, -0.000000,  0.861111,  1.000000, 
				 25.742855,  136.015182,  3.797955, -0.000005, -1.000000, -0.000000, -0.000059,  0.000000, -1.000000,  1.000000, -0.000005, -0.000059,  0.750000,  1.000000, 
				 18.131077,  136.015213,  3.797955, -0.537566, -0.843222, -0.000000, -0.831130,  0.529857, -0.168745,  0.142289, -0.090711, -0.985660,  0.750000,  0.000000, 
				 18.131077,  139.423828,  3.484254, -0.699047, -0.039706, -0.713973, -0.018106,  0.999120, -0.037835,  0.714846, -0.013521, -0.699151,  0.861111,  0.000000, 
				 18.131077,  148.054733,  3.317337, -0.704277, -0.004767, -0.709909,  0.006311,  0.999896, -0.012975,  0.709897, -0.013618, -0.704174,  0.972222,  0.000000, 
				 25.742855,  148.054733,  3.317337,  0.000000, -0.006715, -0.999977,  0.000000,  0.999977, -0.006715,  1.000000,  0.000000,  0.000000,  0.972222,  1.000000, 
				 25.742855,  139.423828,  3.484254, -0.000000, -0.055526, -0.998457, -0.000000,  0.998457, -0.055526,  1.000000, -0.000000, -0.000000,  0.861111,  1.000000, 
				 18.131077,  148.054733,  3.317337, -0.704277, -0.004767, -0.709909, -0.006311,  0.999980, -0.000455,  0.709897,  0.004160, -0.704293,  0.972222,  0.000000, 
				 18.131077,  157.869461,  3.375307, -0.703301,  0.016280, -0.710706,  0.008498,  0.999859,  0.014494,  0.710841,  0.004154, -0.703340,  1.083333,  0.000000, 
				 25.742855,  157.869461,  3.375307,  0.000000,  0.022901, -0.999738,  0.000000,  0.999738,  0.022901,  1.000000, -0.000000,  0.000000,  1.083333,  1.000000, 
				 25.742855,  148.054733,  3.317337,  0.000000, -0.006715, -0.999977,  0.000000,  0.999977, -0.006715,  1.000000,  0.000000,  0.000000,  0.972222,  1.000000, 
				 18.131077,  157.869461,  3.375307, -0.703301,  0.016280, -0.710706, -0.008498,  0.999474,  0.031304,  0.710841,  0.028055, -0.702793,  0.083333,  0.000000, 
				 18.131077,  164.275604,  3.631038, -0.579465,  0.587735, -0.564613,  0.396540,  0.808568,  0.434710,  0.712022,  0.028008, -0.701598,  0.194444,  0.000000, 
				 25.742855,  164.275543,  3.631038,  0.000006,  0.721086, -0.692846, -0.000005,  0.692846,  0.721086,  1.000000, -0.000000,  0.000008,  0.194444,  1.000000, 
				 25.742855,  164.275543,  3.631038,  0.000006,  0.721086, -0.692846, -0.000005,  0.692846,  0.721086,  1.000000, -0.000000,  0.000008,  0.194444,  1.000000, 
				 25.742855,  157.869461,  3.375307,  0.000000,  0.022901, -0.999738,  0.000000,  0.999738,  0.022901,  1.000000, -0.000000,  0.000000,  0.083333,  1.000000, 
				 18.131077,  157.869461,  3.375307, -0.703301,  0.016280, -0.710706, -0.008498,  0.999474,  0.031304,  0.710841,  0.028056, -0.702793,  0.083333,  0.000000, 
				 18.131077,  164.275604,  3.631038, -0.579465,  0.587735, -0.564613, -0.396541,  0.401924,  0.825356,  0.712022,  0.702157,  0.000160,  0.194444,  0.000000, 
				 18.131077,  164.275528,  3.964871, -0.579492,  0.587593,  0.564733,  0.396407, -0.402225,  0.825273,  0.712075,  0.702104,  0.000160,  0.305556,  0.000000, 
				 25.742855,  164.275528,  3.964871,  0.000005,  0.721053,  0.692879, -0.000005, -0.692879,  0.721054,  1.000000, -0.000007, -0.000000,  0.305556,  1.000000, 
				 25.742855,  164.275528,  3.964871,  0.000005,  0.721053,  0.692879, -0.000005, -0.692879,  0.721054,  1.000000, -0.000007, -0.000000,  0.305556,  1.000000, 
				 25.742855,  164.275543,  3.631038,  0.000006,  0.721086, -0.692846,  0.000005,  0.692846,  0.721086,  1.000000, -0.000008, -0.000000,  0.194444,  1.000000, 
				 18.131077,  164.275604,  3.631038, -0.579465,  0.587735, -0.564613, -0.396430,  0.402033,  0.825356,  0.712084,  0.702095,  0.000032,  0.194444,  0.000000, 
				 18.131077,  164.275528,  3.964871, -0.579492,  0.587593,  0.564733, -0.396407, -0.808672,  0.434639,  0.712075,  0.028005,  0.701545,  0.305556,  0.000000, 
				 18.131077,  157.869431,  4.220601, -0.703301,  0.016280,  0.710705,  0.008498, -0.999474,  0.031304,  0.710841,  0.028055,  0.702793,  0.416667,  0.000000, 
				 25.742855,  157.869431,  4.220601,  0.000000,  0.022900,  0.999738,  0.000000, -0.999738,  0.022900,  1.000000,  0.000000, -0.000000,  0.416667,  1.000000, 
				 25.742855,  164.275528,  3.964871,  0.000005,  0.721053,  0.692879,  0.000005, -0.692879,  0.721053,  1.000000, -0.000000, -0.000007,  0.305556,  1.000000, 
				 18.131077,  157.869431,  4.220601, -0.703301,  0.016280,  0.710705, -0.008498, -0.999859,  0.014494,  0.710841,  0.004154,  0.703340,  0.416667,  0.000000, 
				 18.131077,  148.054718,  4.278570, -0.704277, -0.004767,  0.709909,  0.006311, -0.999980, -0.000455,  0.709897,  0.004160,  0.704293,  0.527778,  0.000000, 
				 25.742855,  148.054688,  4.278570, -0.000000, -0.006715,  0.999977,  0.000000, -0.999977, -0.006715,  1.000000,  0.000000,  0.000000,  0.527778,  1.000000, 
				 25.742855,  148.054688,  4.278570, -0.000000, -0.006715,  0.999977,  0.000000, -0.999977, -0.006715,  1.000000,  0.000000,  0.000000,  0.527778,  1.000000, 
				 18.131077,  157.869431,  4.220601, -0.703301,  0.016280,  0.710705, -0.008498, -0.999859,  0.014494,  0.710841,  0.004154,  0.703340,  0.416667,  0.000000, 
				 18.131077,  148.054718,  4.278570, -0.704277, -0.004767,  0.709909, -0.006311, -0.999896, -0.012975,  0.709897, -0.013618,  0.704174,  0.527778,  0.000000, 
				 18.131077,  139.423813,  4.111654, -0.699047, -0.039706,  0.713973,  0.018107, -0.999120, -0.037835,  0.714847, -0.013521,  0.699151,  0.638889,  0.000000, 
				 25.742855,  139.423752,  4.111654, -0.000000, -0.055527,  0.998457,  0.000000, -0.998457, -0.055527,  1.000000, -0.000000,  0.000000,  0.638889,  1.000000, 
				 25.742855,  139.423752,  4.111654, -0.000000, -0.055527,  0.998457,  0.000000, -0.998457, -0.055527,  1.000000, -0.000000,  0.000000,  0.638889,  1.000000, 
				 25.742855,  148.054688,  4.278570, -0.000000, -0.006715,  0.999977, -0.000000, -0.999977, -0.006715,  1.000000, -0.000000,  0.000000,  0.527778,  1.000000, 
				 18.131077,  148.054718,  4.278570, -0.704277, -0.004767,  0.709909, -0.006311, -0.999896, -0.012975,  0.709897, -0.013618,  0.704174,  0.527778,  0.000000, 
				 18.131077,  139.423813,  4.111654, -0.699047, -0.039706,  0.713973, -0.018107, -0.997154, -0.073182,  0.714847, -0.064085,  0.696339,  0.638889,  0.000000, 
				 18.131077,  136.015213,  3.797955, -0.537566, -0.843222, -0.000000,  0.831130, -0.529857, -0.168745,  0.142290, -0.090712,  0.985660,  0.750000,  0.000000, 
				 25.742855,  136.015182,  3.797955, -0.000005, -1.000000, -0.000000,  0.000059,  0.000000, -1.000000,  1.000000, -0.000005,  0.000059,  0.750000,  1.000000, 
				 25.742855,  136.015182,  3.797955, -0.000005, -1.000000, -0.000000,  0.000059,  0.000000, -1.000000,  1.000000, -0.000005,  0.000059,  0.750000,  1.000000, 
				 25.742855,  139.423752,  4.111654, -0.000000, -0.055527,  0.998457, -0.000000, -0.998457, -0.055527,  1.000000, -0.000000,  0.000000,  0.638889,  1.000000, 
